game_id,inning,home_or_away,score_diff,out_count,ball_count_B,ball_count_S,is_base1,is_base2,is_base3,pitcher_id,batter_id,batter_hit_type,pitcher_vs_batter_avg,batter_recent_avg,pitch_speed,pitch_type,total_pitch_count,recent_5_pitch_speed_avg,inning_pitch_count,pitch_result,relay_text,reward_wpa
20250921NCHT02025,1,0,0,0,0,1,0,0,0,51648,67905,R,0.0,0.227,148.0,직구,1,148.0,1,S,천재환 : 삼진 아웃,-2.3
20250921NCHT02025,1,0,0,0,0,2,0,0,0,51648,67905,R,0.0,0.227,148.0,직구,2,148.0,2,S,천재환 : 삼진 아웃,-2.3
20250921NCHT02025,1,0,0,0,0,3,0,0,0,51648,67905,R,0.0,0.227,134.0,슬라이더,3,143.33,3,S,천재환 : 삼진 아웃,-2.3
20250921NCHT02025,1,0,0,1,0,1,0,0,0,51648,69995,R,0.0,0.261,147.0,직구,4,144.25,4,F,서호철 : 삼진 아웃,-1.7
20250921NCHT02025,1,0,0,1,0,2,0,0,0,51648,69995,R,0.0,0.261,133.0,체인지업,5,142.0,5,S,서호철 : 삼진 아웃,-1.7
20250921NCHT02025,1,0,0,1,1,2,0,0,0,51648,69995,R,0.0,0.261,150.0,직구,6,142.4,6,B,서호철 : 삼진 아웃,-1.7
20250921NCHT02025,1,0,0,1,1,2,0,0,0,51648,69995,R,0.0,0.261,134.0,체인지업,7,139.6,7,F,서호철 : 삼진 아웃,-1.7
20250921NCHT02025,1,0,0,1,2,2,0,0,0,51648,69995,R,0.0,0.261,134.0,체인지업,8,139.6,8,B,서호철 : 삼진 아웃,-1.7
20250921NCHT02025,1,0,0,1,3,2,0,0,0,51648,69995,R,0.0,0.261,151.0,직구,9,140.4,9,B,서호철 : 삼진 아웃,-1.7
20250921NCHT02025,1,0,0,1,3,2,0,0,0,51648,69995,R,0.0,0.261,151.0,직구,10,144.0,10,F,서호철 : 삼진 아웃,-1.7
20250921NCHT02025,1,0,0,1,3,3,0,0,0,51648,69995,R,0.0,0.261,150.0,직구,11,144.0,11,T,서호철 : 삼진 아웃,-1.7
20250921NCHT02025,1,0,0,2,1,0,0,0,0,51648,79215,R,0.0,0.289,151.0,직구,12,147.4,12,B,박건우 : 유격수 땅볼 아웃 (유격수->1루수 송구아웃),-1.1
20250921NCHT02025,1,0,0,2,1,0,0,0,0,51648,79215,R,0.0,0.289,149.0,직구,13,150.4,13,H,박건우 : 유격수 땅볼 아웃 (유격수->1루수 송구아웃),-1.1
20250921NCHT02025,1,1,0,0,1,0,0,0,0,50992,52667,R,0.25,0.281,139.0,직구,1,139.0,1,B,윤도현 : 우익수 플라이 아웃,-2.3
20250921NCHT02025,1,1,0,0,1,1,0,0,0,50992,52667,R,0.25,0.281,140.0,직구,2,139.5,2,S,윤도현 : 우익수 플라이 아웃,-2.3
20250921NCHT02025,1,1,0,0,1,1,0,0,0,50992,52667,R,0.25,0.281,140.0,직구,3,139.67,3,H,윤도현 : 우익수 플라이 아웃,-2.3
20250921NCHT02025,1,1,0,1,0,1,0,0,0,50992,55636,L,0.0,0.091,139.0,직구,4,139.5,4,T,박재현 : 삼진 아웃,-1.7
20250921NCHT02025,1,1,0,1,1,1,0,0,0,50992,55636,L,0.0,0.091,130.0,포크,5,137.6,5,B,박재현 : 삼진 아웃,-1.7
20250921NCHT02025,1,1,0,1,1,2,0,0,0,50992,55636,L,0.0,0.091,139.0,직구,6,137.6,6,T,박재현 : 삼진 아웃,-1.7
20250921NCHT02025,1,1,0,1,1,3,0,0,0,50992,55636,L,0.0,0.091,142.0,직구,7,138.0,7,T,박재현 : 삼진 아웃,-1.7
20250921NCHT02025,1,1,0,2,1,0,0,0,0,50992,64646,R,0.308,0.289,109.0,커브,8,131.8,8,B,박찬호 : 1루수 파울플라이 아웃,-1.1
20250921NCHT02025,1,1,0,2,2,0,0,0,0,50992,64646,R,0.308,0.289,112.0,커브,9,126.4,9,B,박찬호 : 1루수 파울플라이 아웃,-1.1
20250921NCHT02025,1,1,0,2,2,0,0,0,0,50992,64646,R,0.308,0.289,141.0,직구,10,128.6,10,H,박찬호 : 1루수 파울플라이 아웃,-1.1
20250921NCHT02025,2,0,0,0,1,0,0,0,0,51648,54944,R,0.0,0.277,133.0,체인지업,14,146.8,1,B,데이비슨 : 삼진 아웃,-2.5
20250921NCHT02025,2,0,0,0,1,1,0,0,0,51648,54944,R,0.0,0.277,149.0,직구,15,146.4,2,S,데이비슨 : 삼진 아웃,-2.5
20250921NCHT02025,2,0,0,0,1,2,0,0,0,51648,54944,R,0.0,0.277,132.0,체인지업,16,142.8,3,T,데이비슨 : 삼진 아웃,-2.5
20250921NCHT02025,2,0,0,0,2,2,0,0,0,51648,54944,R,0.0,0.277,133.0,체인지업,17,139.2,4,B,데이비슨 : 삼진 아웃,-2.5
20250921NCHT02025,2,0,0,0,2,2,0,0,0,51648,54944,R,0.0,0.277,131.0,체인지업,18,135.6,5,F,데이비슨 : 삼진 아웃,-2.5
20250921NCHT02025,2,0,0,0,2,2,0,0,0,51648,54944,R,0.0,0.277,138.0,슬라이더,19,136.6,6,F,데이비슨 : 삼진 아웃,-2.5
20250921NCHT02025,2,0,0,0,3,2,0,0,0,51648,54944,R,0.0,0.277,134.0,체인지업,20,133.6,7,B,데이비슨 : 삼진 아웃,-2.5
20250921NCHT02025,2,0,0,0,3,2,0,0,0,51648,54944,R,0.0,0.277,132.0,체인지업,21,133.6,8,F,데이비슨 : 삼진 아웃,-2.5
20250921NCHT02025,2,0,0,0,3,3,0,0,0,51648,54944,R,0.0,0.277,135.0,체인지업,22,134.0,9,S,데이비슨 : 삼진 아웃,-2.5
20250921NCHT02025,2,0,0,1,1,0,0,0,0,51648,68904,L,0.0,0.234,122.0,커브,23,132.2,10,B,오영수 : 중견수 플라이 아웃,-1.7
20250921NCHT02025,2,0,0,1,1,1,0,0,0,51648,68904,L,0.0,0.234,122.0,커브,24,129.0,11,T,오영수 : 중견수 플라이 아웃,-1.7
20250921NCHT02025,2,0,0,1,2,1,0,0,0,51648,68904,L,0.0,0.234,136.0,슬라이더,25,129.4,12,B,오영수 : 중견수 플라이 아웃,-1.7
20250921NCHT02025,2,0,0,1,2,1,0,0,0,51648,68904,L,0.0,0.234,147.0,직구,26,132.4,13,H,오영수 : 중견수 플라이 아웃,-1.7
20250921NCHT02025,2,0,0,2,1,0,0,0,0,51648,63260,R,0.0,1.0,151.0,직구,27,135.6,14,B,이우성 : 중견수 뒤 2루타,2.0
20250921NCHT02025,2,0,0,2,2,0,0,0,0,51648,63260,R,0.0,1.0,149.0,직구,28,141.0,15,B,이우성 : 중견수 뒤 2루타,2.0
20250921NCHT02025,2,0,0,2,3,0,0,0,0,51648,63260,R,0.0,1.0,148.0,직구,29,146.2,16,B,이우성 : 중견수 뒤 2루타,2.0
20250921NCHT02025,2,0,0,2,3,1,0,0,0,51648,63260,R,0.0,1.0,150.0,직구,30,149.0,17,T,이우성 : 중견수 뒤 2루타,2.0
20250921NCHT02025,2,0,0,2,3,1,0,0,0,51648,63260,R,0.0,1.0,150.0,직구,31,149.6,18,H,이우성 : 중견수 뒤 2루타,2.0
20250921NCHT02025,2,0,0,2,1,0,0,1,0,51648,51344,R,0.0,0.233,148.0,직구,32,149.0,19,B,김휘집 : 볼넷,1.6
20250921NCHT02025,2,0,0,2,2,0,0,1,0,51648,51344,R,0.0,0.233,132.0,체인지업,33,145.6,20,B,김휘집 : 볼넷,1.6
20250921NCHT02025,2,0,0,2,2,1,0,1,0,51648,51344,R,0.0,0.233,132.0,체인지업,34,142.4,21,S,김휘집 : 볼넷,1.6
20250921NCHT02025,2,0,0,2,2,2,0,1,0,51648,51344,R,0.0,0.233,132.0,체인지업,35,138.8,22,T,김휘집 : 볼넷,1.6
20250921NCHT02025,2,0,0,2,3,2,0,1,0,51648,51344,R,0.0,0.233,135.0,체인지업,36,135.8,23,B,김휘집 : 볼넷,1.6
20250921NCHT02025,2,0,0,2,3,2,0,1,0,51648,51344,R,0.0,0.233,137.0,슬라이더,37,133.6,24,F,김휘집 : 볼넷,1.6
20250921NCHT02025,2,0,0,2,3,2,0,1,0,51648,51344,R,0.0,0.233,137.0,슬라이더,38,134.6,25,F,김휘집 : 볼넷,1.6
20250921NCHT02025,2,0,0,2,4,2,0,1,0,51648,51344,R,0.0,0.233,134.0,체인지업,39,135.0,26,B,김휘집 : 볼넷,1.6
20250921NCHT02025,2,0,0,2,0,1,1,0,1,51648,68912,R,0.0,0.233,150.0,직구,40,138.6,27,T,김형준 : 삼진 아웃,-4.8
20250921NCHT02025,2,0,0,2,1,1,1,0,1,51648,68912,R,0.0,0.233,134.0,체인지업,41,138.4,28,B,김형준 : 삼진 아웃,-4.8
20250921NCHT02025,2,0,0,2,2,1,1,0,1,51648,68912,R,0.0,0.233,133.0,체인지업,42,137.6,29,B,김형준 : 삼진 아웃,-4.8
20250921NCHT02025,2,0,0,2,2,2,1,0,1,51648,68912,R,0.0,0.233,148.0,직구,43,139.8,30,S,김형준 : 삼진 아웃,-4.8
20250921NCHT02025,2,0,0,2,2,3,1,0,1,51648,68912,R,0.0,0.233,151.0,직구,44,143.2,31,S,김형준 : 삼진 아웃,-4.8
20250921NCHT02025,2,1,0,0,1,0,0,0,0,50992,72443,L,0.319,1.0,138.0,직구,11,128.4,1,B,최형우 : 우익수 왼쪽 1루타,3.0
20250921NCHT02025,2,1,0,0,2,0,0,0,0,50992,72443,L,0.319,1.0,137.0,직구,12,127.4,2,B,최형우 : 우익수 왼쪽 1루타,3.0
20250921NCHT02025,2,1,0,0,2,1,0,0,0,50992,72443,L,0.319,1.0,136.0,직구,13,132.8,3,T,최형우 : 우익수 왼쪽 1루타,3.0
20250921NCHT02025,2,1,0,0,3,1,0,0,0,50992,72443,L,0.319,1.0,123.0,슬라이더,14,135.0,4,B,최형우 : 우익수 왼쪽 1루타,3.0
20250921NCHT02025,2,1,0,0,3,1,0,0,0,50992,72443,L,0.319,1.0,136.0,직구,15,134.0,5,H,최형우 : 우익수 왼쪽 1루타,3.0
20250921NCHT02025,2,1,0,0,1,0,1,0,0,50992,55645,R,0.256,0.236,138.0,직구,16,134.0,6,B,위즈덤 : 1루수 파울플라이 아웃,-3.1
20250921NCHT02025,2,1,0,0,1,0,1,0,0,50992,55645,R,0.256,0.236,128.0,슬라이더,17,132.2,7,H,위즈덤 : 1루수 파울플라이 아웃,-3.1
20250921NCHT02025,2,1,0,1,0,1,1,0,0,50992,69636,L,0.182,1.0,138.0,직구,18,132.6,8,T,오선우 : 좌익수 앞 1루타,3.1
20250921NCHT02025,2,1,0,1,1,1,1,0,0,50992,69636,L,0.182,1.0,109.0,커브,19,129.8,9,B,오선우 : 좌익수 앞 1루타,3.1
20250921NCHT02025,2,1,0,1,1,2,1,0,0,50992,69636,L,0.182,1.0,109.0,커브,20,124.4,10,T,오선우 : 좌익수 앞 1루타,3.1
20250921NCHT02025,2,1,0,1,2,2,1,0,0,50992,69636,L,0.182,1.0,112.0,커브,21,119.2,11,B,오선우 : 좌익수 앞 1루타,3.1
20250921NCHT02025,2,1,0,1,2,2,1,0,0,50992,69636,L,0.182,1.0,140.0,직구,22,121.6,12,H,오선우 : 좌익수 앞 1루타,3.1
20250921NCHT02025,2,1,0,1,0,1,1,1,0,50992,65653,R,0.188,0.278,137.0,직구,23,121.4,13,T,김호령 : 2루수 인필드플라이 아웃,-4.1
20250921NCHT02025,2,1,0,1,1,1,1,1,0,50992,65653,R,0.188,0.278,137.0,직구,24,127.0,14,B,김호령 : 2루수 인필드플라이 아웃,-4.1
20250921NCHT02025,2,1,0,1,2,1,1,1,0,50992,65653,R,0.188,0.278,110.0,커브,25,127.2,15,B,김호령 : 2루수 인필드플라이 아웃,-4.1
20250921NCHT02025,2,1,0,1,3,1,1,1,0,50992,65653,R,0.188,0.278,121.0,슬라이더,26,129.0,16,B,김호령 : 2루수 인필드플라이 아웃,-4.1
20250921NCHT02025,2,1,0,1,3,1,1,1,0,50992,65653,R,0.188,0.278,138.0,직구,27,128.6,17,H,김호령 : 2루수 인필드플라이 아웃,-4.1
20250921NCHT02025,2,1,0,2,0,1,1,1,0,50992,68646,L,0.278,1.0,138.0,직구,28,128.8,18,T,한준수 : 중견수 오른쪽 1루타,9.9
20250921NCHT02025,2,1,0,2,1,1,1,1,0,50992,68646,L,0.278,1.0,129.0,포크,29,127.2,19,B,한준수 : 중견수 오른쪽 1루타,9.9
20250921NCHT02025,2,1,0,2,1,1,1,1,0,50992,68646,L,0.278,1.0,128.0,포크,30,130.8,20,H,한준수 : 중견수 오른쪽 1루타,9.9
20250921NCHT02025,2,1,1,2,0,1,1,0,1,50992,50657,R,0.0,0.217,126.0,슬라이더,31,131.8,21,F,박민 : 1루수 파울플라이 아웃,-4.3
20250921NCHT02025,2,1,1,2,0,2,1,0,1,50992,50657,R,0.0,0.217,139.0,직구,32,132.0,22,F,박민 : 1루수 파울플라이 아웃,-4.3
20250921NCHT02025,2,1,1,2,0,2,1,0,1,50992,50657,R,0.0,0.217,114.0,커브,33,127.2,23,F,박민 : 1루수 파울플라이 아웃,-4.3
20250921NCHT02025,2,1,1,2,1,2,1,0,1,50992,50657,R,0.0,0.217,139.0,직구,34,129.2,24,B,박민 : 1루수 파울플라이 아웃,-4.3
20250921NCHT02025,2,1,1,2,1,2,1,0,1,50992,50657,R,0.0,0.217,140.0,직구,35,131.6,25,F,박민 : 1루수 파울플라이 아웃,-4.3
20250921NCHT02025,2,1,1,2,2,2,1,0,1,50992,50657,R,0.0,0.217,115.0,커브,36,129.4,26,B,박민 : 1루수 파울플라이 아웃,-4.3
20250921NCHT02025,2,1,1,2,2,2,1,0,1,50992,50657,R,0.0,0.217,127.0,슬라이더,37,127.0,27,H,박민 : 1루수 파울플라이 아웃,-4.3
20250921NCHT02025,3,0,1,0,0,1,0,0,0,51648,50902,R,0.0,0.322,143.0,직구,45,141.8,1,T,김한별 : 유격수 땅볼 아웃 (유격수->1루수 송구아웃),-2.8
20250921NCHT02025,3,0,1,0,0,2,0,0,0,51648,50902,R,0.0,0.322,133.0,슬라이더,46,141.6,2,F,김한별 : 유격수 땅볼 아웃 (유격수->1루수 송구아웃),-2.8
20250921NCHT02025,3,0,1,0,1,2,0,0,0,51648,50902,R,0.0,0.322,148.0,직구,47,144.6,3,B,김한별 : 유격수 땅볼 아웃 (유격수->1루수 송구아웃),-2.8
20250921NCHT02025,3,0,1,0,1,2,0,0,0,51648,50902,R,0.0,0.322,129.0,체인지업,48,140.8,4,F,김한별 : 유격수 땅볼 아웃 (유격수->1루수 송구아웃),-2.8
20250921NCHT02025,3,0,1,0,1,2,0,0,0,51648,50902,R,0.0,0.322,146.0,직구,49,139.8,5,H,김한별 : 유격수 땅볼 아웃 (유격수->1루수 송구아웃),-2.8
20250921NCHT02025,3,0,1,1,0,1,0,0,0,51648,67905,R,0.0,0.226,135.0,슬라이더,50,138.2,6,S,천재환 : 유격수 땅볼 아웃 (유격수->1루수 송구아웃),-1.9
20250921NCHT02025,3,0,1,1,1,1,0,0,0,51648,67905,R,0.0,0.226,124.0,커브,51,136.4,7,B,천재환 : 유격수 땅볼 아웃 (유격수->1루수 송구아웃),-1.9
20250921NCHT02025,3,0,1,1,1,2,0,0,0,51648,67905,R,0.0,0.226,132.0,체인지업,52,133.2,8,S,천재환 : 유격수 땅볼 아웃 (유격수->1루수 송구아웃),-1.9
20250921NCHT02025,3,0,1,1,1,2,0,0,0,51648,67905,R,0.0,0.226,136.0,체인지업,53,134.6,9,H,천재환 : 유격수 땅볼 아웃 (유격수->1루수 송구아웃),-1.9
20250921NCHT02025,3,0,1,2,0,0,0,0,0,51648,69995,R,0.0,0.26,134.0,체인지업,54,132.2,10,H,서호철 : 1루수 땅볼 아웃 (1루수 1루 터치아웃),-1.3
20250921NCHT02025,3,1,1,0,0,0,0,0,0,50992,52667,R,0.25,0.5,122.0,슬라이더,38,128.6,1,H,윤도현 : 좌중간 1루타,2.7
20250921NCHT02025,3,1,1,0,1,0,1,0,0,50992,55636,L,0.0,0.089,137.0,직구,39,128.2,2,B,박재현 : 삼진 아웃,-1.7
20250921NCHT02025,3,1,1,0,1,1,1,0,0,50992,55636,L,0.0,0.089,126.0,포크,40,125.4,3,F,박재현 : 삼진 아웃,-1.7
20250921NCHT02025,3,1,1,0,2,1,1,0,0,50992,55636,L,0.0,0.089,126.0,포크,41,127.6,4,B,박재현 : 삼진 아웃,-1.7
20250921NCHT02025,3,1,1,1,3,1,0,0,0,50992,55636,L,0.0,0.089,140.0,직구,42,130.2,5,B,박재현 : 삼진 아웃,-1.7
20250921NCHT02025,3,1,1,1,3,2,0,0,0,50992,55636,L,0.0,0.089,137.0,직구,43,133.2,6,T,박재현 : 삼진 아웃,-1.7
20250921NCHT02025,3,1,1,1,3,3,0,0,0,50992,55636,L,0.0,0.089,141.0,직구,44,134.0,7,T,박재현 : 삼진 아웃,-1.7
20250921NCHT02025,3,1,1,2,0,1,0,0,0,50992,64646,R,0.308,0.288,112.0,커브,45,131.2,8,T,박찬호 : 삼진 아웃,-1.1
20250921NCHT02025,3,1,1,2,1,1,0,0,0,50992,64646,R,0.308,0.288,141.0,직구,46,134.2,9,B,박찬호 : 삼진 아웃,-1.1
20250921NCHT02025,3,1,1,2,2,1,0,0,0,50992,64646,R,0.308,0.288,142.0,직구,47,134.6,10,B,박찬호 : 삼진 아웃,-1.1
20250921NCHT02025,3,1,1,2,2,2,0,0,0,50992,64646,R,0.308,0.288,125.0,슬라이더,48,132.2,11,S,박찬호 : 삼진 아웃,-1.1
20250921NCHT02025,3,1,1,2,3,2,0,0,0,50992,64646,R,0.308,0.288,129.0,슬라이더,49,129.8,12,B,박찬호 : 삼진 아웃,-1.1
20250921NCHT02025,3,1,1,2,3,3,0,0,0,50992,64646,R,0.308,0.288,124.0,슬라이더,50,132.2,13,S,박찬호 : 삼진 아웃,-1.1
20250921NCHT02025,4,0,1,0,1,0,0,0,0,51648,79215,R,0.0,0.288,145.0,직구,55,134.2,1,B,박건우 : 포수 스트라이크 낫 아웃 (포수 태그아웃),-3.1
20250921NCHT02025,4,0,1,0,1,1,0,0,0,51648,79215,R,0.0,0.288,131.0,체인지업,56,135.6,2,S,박건우 : 포수 스트라이크 낫 아웃 (포수 태그아웃),-3.1
20250921NCHT02025,4,0,1,0,1,2,0,0,0,51648,79215,R,0.0,0.288,128.0,체인지업,57,134.8,3,S,박건우 : 포수 스트라이크 낫 아웃 (포수 태그아웃),-3.1
20250921NCHT02025,4,0,1,0,1,3,0,0,0,51648,79215,R,0.0,0.288,133.0,체인지업,58,134.2,4,S,박건우 : 포수 스트라이크 낫 아웃 (포수 태그아웃),-3.1
20250921NCHT02025,4,0,1,1,0,1,0,0,0,51648,54944,R,0.0,0.277,150.0,직구,59,137.4,5,T,데이비슨 : 볼넷,2.9
20250921NCHT02025,4,0,1,1,1,1,0,0,0,51648,54944,R,0.0,0.277,125.0,커브,60,133.4,6,B,데이비슨 : 볼넷,2.9
20250921NCHT02025,4,0,1,1,2,1,0,0,0,51648,54944,R,0.0,0.277,123.0,커브,61,131.8,7,B,데이비슨 : 볼넷,2.9
20250921NCHT02025,4,0,1,1,3,1,0,0,0,51648,54944,R,0.0,0.277,132.0,체인지업,62,132.6,8,B,데이비슨 : 볼넷,2.9
20250921NCHT02025,4,0,1,1,4,1,0,0,0,51648,54944,R,0.0,0.277,131.0,체인지업,63,132.2,9,B,데이비슨 : 볼넷,2.9
20250921NCHT02025,4,0,1,1,1,0,1,0,0,51648,68904,L,0.0,0.234,130.0,슬라이더,64,128.2,10,B,오영수 : 볼넷,3.9
20250921NCHT02025,4,0,1,1,1,1,1,0,0,51648,68904,L,0.0,0.234,131.0,체인지업,65,129.4,11,S,오영수 : 볼넷,3.9
20250921NCHT02025,4,0,1,1,2,1,1,0,0,51648,68904,L,0.0,0.234,132.0,슬라이더,66,131.2,12,B,오영수 : 볼넷,3.9
20250921NCHT02025,4,0,1,1,2,2,1,0,0,51648,68904,L,0.0,0.234,134.0,슬라이더,67,131.6,13,F,오영수 : 볼넷,3.9
20250921NCHT02025,4,0,1,1,3,2,1,0,0,51648,68904,L,0.0,0.234,136.0,슬라이더,68,132.6,14,B,오영수 : 볼넷,3.9
20250921NCHT02025,4,0,1,1,4,2,1,0,0,51648,68904,L,0.0,0.234,131.0,슬라이더,69,132.8,15,B,오영수 : 볼넷,3.9
20250921NCHT02025,4,0,1,1,1,0,1,1,0,51648,63260,R,0.0,0.5,131.0,체인지업,70,132.8,16,B,이우성 : 삼진 아웃,-5.1
20250921NCHT02025,4,0,1,1,2,0,1,1,0,51648,63260,R,0.0,0.5,146.0,직구,71,135.6,17,B,이우성 : 삼진 아웃,-5.1
20250921NCHT02025,4,0,1,1,2,1,1,1,0,51648,63260,R,0.0,0.5,145.0,직구,72,137.8,18,F,이우성 : 삼진 아웃,-5.1
20250921NCHT02025,4,0,1,1,2,2,1,1,0,51648,63260,R,0.0,0.5,147.0,직구,73,140.0,19,T,이우성 : 삼진 아웃,-5.1
20250921NCHT02025,4,0,1,1,2,2,1,1,0,51648,63260,R,0.0,0.5,150.0,직구,74,143.8,20,F,이우성 : 삼진 아웃,-5.1
20250921NCHT02025,4,0,1,1,2,2,1,1,0,51648,63260,R,0.0,0.5,149.0,직구,75,147.4,21,F,이우성 : 삼진 아웃,-5.1
20250921NCHT02025,4,0,1,1,3,2,1,1,0,51648,63260,R,0.0,0.5,138.0,슬라이더,76,145.8,22,B,이우성 : 삼진 아웃,-5.1
20250921NCHT02025,4,0,1,1,3,3,1,1,0,51648,63260,R,0.0,0.5,150.0,직구,77,146.8,23,S,이우성 : 삼진 아웃,-5.1
20250921NCHT02025,4,0,1,2,1,0,1,1,0,51648,51344,R,0.0,0.233,151.0,직구,78,147.6,24,B,김휘집 : 볼넷,3.7
20250921NCHT02025,4,0,1,2,2,0,1,1,0,51648,51344,R,0.0,0.233,147.0,직구,79,147.0,25,B,김휘집 : 볼넷,3.7
20250921NCHT02025,4,0,1,2,3,0,1,1,0,51648,51344,R,0.0,0.233,130.0,체인지업,80,143.2,26,B,김휘집 : 볼넷,3.7
20250921NCHT02025,4,0,1,2,4,0,1,1,0,51648,51344,R,0.0,0.233,145.0,직구,81,144.6,27,B,김휘집 : 볼넷,3.7
20250921NCHT02025,4,0,1,2,0,1,1,1,1,51648,68912,R,0.0,0.232,133.0,슬라이더,82,141.2,28,F,김형준 : 삼진 아웃,-8.9
20250921NCHT02025,4,0,1,2,1,1,1,1,1,51648,68912,R,0.0,0.232,134.0,체인지업,83,137.8,29,B,김형준 : 삼진 아웃,-8.9
20250921NCHT02025,4,0,1,2,1,2,1,1,1,51648,68912,R,0.0,0.232,134.0,슬라이더,84,135.2,30,F,김형준 : 삼진 아웃,-8.9
20250921NCHT02025,4,0,1,2,2,2,1,1,1,51648,68912,R,0.0,0.232,132.0,체인지업,85,135.6,31,B,김형준 : 삼진 아웃,-8.9
20250921NCHT02025,4,0,1,2,2,2,1,1,1,51648,68912,R,0.0,0.232,136.0,슬라이더,86,133.8,32,F,김형준 : 삼진 아웃,-8.9
20250921NCHT02025,4,0,1,2,2,2,1,1,1,51648,68912,R,0.0,0.232,150.0,직구,87,137.2,33,F,김형준 : 삼진 아웃,-8.9
20250921NCHT02025,4,0,1,2,3,2,1,1,1,51648,68912,R,0.0,0.232,131.0,체인지업,88,136.6,34,B,김형준 : 삼진 아웃,-8.9
20250921NCHT02025,4,0,1,2,3,3,1,1,1,51648,68912,R,0.0,0.232,136.0,슬라이더,89,137.0,35,S,김형준 : 삼진 아웃,-8.9
20250921NCHT02025,4,1,1,0,0,1,0,0,0,50992,72443,L,0.319,0.5,139.0,직구,51,131.8,1,T,최형우 : 유격수 땅볼 아웃 (유격수->1루수 송구아웃),-2.3
20250921NCHT02025,4,1,1,0,0,2,0,0,0,50992,72443,L,0.319,0.5,124.0,슬라이더,52,128.2,2,T,최형우 : 유격수 땅볼 아웃 (유격수->1루수 송구아웃),-2.3
20250921NCHT02025,4,1,1,0,1,2,0,0,0,50992,72443,L,0.319,0.5,115.0,커브,53,126.2,3,B,최형우 : 유격수 땅볼 아웃 (유격수->1루수 송구아웃),-2.3
20250921NCHT02025,4,1,1,0,1,2,0,0,0,50992,72443,L,0.319,0.5,127.0,슬라이더,54,125.8,4,F,최형우 : 유격수 땅볼 아웃 (유격수->1루수 송구아웃),-2.3
20250921NCHT02025,4,1,1,0,1,2,0,0,0,50992,72443,L,0.319,0.5,140.0,직구,55,129.0,5,H,최형우 : 유격수 땅볼 아웃 (유격수->1루수 송구아웃),-2.3
20250921NCHT02025,4,1,1,1,1,0,0,0,0,50992,55645,R,0.256,0.235,139.0,직구,56,129.0,6,B,위즈덤 : 좌익수 플라이 아웃,-1.8
20250921NCHT02025,4,1,1,1,2,0,0,0,0,50992,55645,R,0.256,0.235,139.0,직구,57,132.0,7,B,위즈덤 : 좌익수 플라이 아웃,-1.8
20250921NCHT02025,4,1,1,1,2,1,0,0,0,50992,55645,R,0.256,0.235,126.0,슬라이더,58,134.2,8,F,위즈덤 : 좌익수 플라이 아웃,-1.8
20250921NCHT02025,4,1,1,1,2,1,0,0,0,50992,55645,R,0.256,0.235,140.0,직구,59,136.8,9,H,위즈덤 : 좌익수 플라이 아웃,-1.8
20250921NCHT02025,4,1,1,2,0,1,0,0,0,50992,69636,L,0.182,0.5,140.0,직구,60,136.8,10,T,오선우 : 삼진 아웃,-1.2
20250921NCHT02025,4,1,1,2,0,2,0,0,0,50992,69636,L,0.182,0.5,140.0,직구,61,137.0,11,T,오선우 : 삼진 아웃,-1.2
20250921NCHT02025,4,1,1,2,1,2,0,0,0,50992,69636,L,0.182,0.5,141.0,직구,62,137.4,12,B,오선우 : 삼진 아웃,-1.2
20250921NCHT02025,4,1,1,2,1,3,0,0,0,50992,69636,L,0.182,0.5,114.0,커브,63,135.0,13,T,오선우 : 삼진 아웃,-1.2
20250921NCHT02025,5,0,1,0,1,0,0,0,0,69620,50902,R,0.0,0.317,140.0,직구,1,140.0,1,B,김한별 : 유격수 플라이 아웃,-3.5
20250921NCHT02025,5,0,1,0,1,1,0,0,0,69620,50902,R,0.0,0.317,132.0,슬라이더,2,136.0,2,T,김한별 : 유격수 플라이 아웃,-3.5
20250921NCHT02025,5,0,1,0,1,1,0,0,0,69620,50902,R,0.0,0.317,141.0,직구,3,137.67,3,H,김한별 : 유격수 플라이 아웃,-3.5
20250921NCHT02025,5,0,1,1,0,1,0,0,0,69620,67905,R,0.0,0.225,132.0,슬라이더,4,136.25,4,T,천재환 : 포수 스트라이크 낫 아웃 (포수 태그아웃),-2.4
20250921NCHT02025,5,0,1,1,0,2,0,0,0,69620,67905,R,0.0,0.225,125.0,체인지업,5,134.0,5,F,천재환 : 포수 스트라이크 낫 아웃 (포수 태그아웃),-2.4
20250921NCHT02025,5,0,1,1,0,3,0,0,0,69620,67905,R,0.0,0.225,127.0,체인지업,6,131.4,6,S,천재환 : 포수 스트라이크 낫 아웃 (포수 태그아웃),-2.4
20250921NCHT02025,5,0,1,2,0,1,0,0,0,69620,50600,L,0.0,0.171,132.0,슬라이더,7,131.4,7,T,홍종표 : 2루수 땅볼 실책으로 출루 (2루수 포구 실책),1.7
20250921NCHT02025,5,0,1,2,0,2,0,0,0,69620,50600,L,0.0,0.171,132.0,슬라이더,8,129.6,8,T,홍종표 : 2루수 땅볼 실책으로 출루 (2루수 포구 실책),1.7
20250921NCHT02025,5,0,1,2,0,2,0,0,0,69620,50600,L,0.0,0.171,132.0,슬라이더,9,129.6,9,F,홍종표 : 2루수 땅볼 실책으로 출루 (2루수 포구 실책),1.7
20250921NCHT02025,5,0,1,2,0,2,0,0,0,69620,50600,L,0.0,0.171,144.0,직구,10,133.4,10,F,홍종표 : 2루수 땅볼 실책으로 출루 (2루수 포구 실책),1.7
20250921NCHT02025,5,0,1,2,0,2,0,0,0,69620,50600,L,0.0,0.171,132.0,슬라이더,11,134.4,11,H,홍종표 : 2루수 땅볼 실책으로 출루 (2루수 포구 실책),1.7
20250921NCHT02025,5,0,1,2,1,0,1,0,0,69620,79215,R,0.0,0.333,141.0,직구,12,136.2,12,B,박건우 : 우익수 오른쪽 뒤 2루타,13.6
20250921NCHT02025,5,0,1,2,1,1,1,0,0,69620,79215,R,0.0,0.333,141.0,직구,13,138.0,13,T,박건우 : 우익수 오른쪽 뒤 2루타,13.6
20250921NCHT02025,5,0,1,2,1,1,1,0,0,69620,79215,R,0.0,0.333,141.0,직구,14,139.8,14,H,박건우 : 우익수 오른쪽 뒤 2루타,13.6
20250921NCHT02025,5,0,0,2,1,0,0,1,0,69620,54944,R,0.0,0.276,123.0,체인지업,15,135.6,15,B,데이비슨 : 1루수 플라이 아웃,-4.3
20250921NCHT02025,5,0,0,2,2,0,0,1,0,69620,54944,R,0.0,0.276,124.0,체인지업,16,134.0,16,B,데이비슨 : 1루수 플라이 아웃,-4.3
20250921NCHT02025,5,0,0,2,2,1,0,1,0,69620,54944,R,0.0,0.276,124.0,체인지업,17,130.6,17,T,데이비슨 : 1루수 플라이 아웃,-4.3
20250921NCHT02025,5,0,0,2,2,2,0,1,0,69620,54944,R,0.0,0.276,124.0,체인지업,18,127.2,18,T,데이비슨 : 1루수 플라이 아웃,-4.3
20250921NCHT02025,5,0,0,2,2,2,0,1,0,69620,54944,R,0.0,0.276,125.0,체인지업,19,124.0,19,H,데이비슨 : 1루수 플라이 아웃,-4.3
20250921NCHT02025,5,1,0,0,0,1,0,0,0,50992,65653,R,0.188,0.278,126.0,슬라이더,64,132.2,1,T,김호령 : 몸에 맞는 볼,3.8
20250921NCHT02025,5,1,0,0,0,2,0,0,0,50992,65653,R,0.188,0.278,138.0,직구,65,131.8,2,F,김호령 : 몸에 맞는 볼,3.8
20250921NCHT02025,5,1,0,0,1,2,0,0,0,50992,65653,R,0.188,0.278,140.0,직구,66,131.8,3,B,김호령 : 몸에 맞는 볼,3.8
20250921NCHT02025,5,1,0,0,1,0,1,0,0,50992,68646,L,0.278,1.0,124.0,포크,67,128.4,4,B,한준수 : 볼넷,6.2
20250921NCHT02025,5,1,0,0,1,1,1,0,0,50992,68646,L,0.278,1.0,139.0,직구,68,133.4,5,F,한준수 : 볼넷,6.2
20250921NCHT02025,5,1,0,0,2,1,1,0,0,50992,68646,L,0.278,1.0,138.0,직구,69,135.8,6,B,한준수 : 볼넷,6.2
20250921NCHT02025,5,1,0,0,2,2,1,0,0,50992,68646,L,0.278,1.0,129.0,슬라이더,70,134.0,7,T,한준수 : 볼넷,6.2
20250921NCHT02025,5,1,0,0,2,2,1,0,0,50992,68646,L,0.278,1.0,139.0,직구,71,133.8,8,F,한준수 : 볼넷,6.2
20250921NCHT02025,5,1,0,0,3,2,1,0,0,50992,68646,L,0.278,1.0,113.0,커브,72,131.6,9,B,한준수 : 볼넷,6.2
20250921NCHT02025,5,1,0,0,3,2,1,0,0,50992,68646,L,0.278,1.0,128.0,슬라이더,73,129.4,10,F,한준수 : 볼넷,6.2
20250921NCHT02025,5,1,0,0,3,2,1,0,0,50992,68646,L,0.278,1.0,123.0,슬라이더,74,126.4,11,F,한준수 : 볼넷,6.2
20250921NCHT02025,5,1,0,0,4,2,1,0,0,50992,68646,L,0.278,1.0,139.0,직구,75,128.4,12,B,한준수 : 볼넷,6.2
20250921NCHT02025,5,1,0,0,0,0,1,1,0,50992,50657,R,0.0,0.217,136.0,직구,76,127.8,13,H,박민 : 투수 희생번트 아웃 (투수->2루수 1루 터치아웃),0.0
20250921NCHT02025,5,1,0,1,0,1,0,1,1,50992,52667,R,0.25,0.667,139.0,직구,77,133.0,14,T,윤도현 : 좌익수 앞 1루타,8.1
20250921NCHT02025,5,1,0,1,0,2,0,1,1,50992,52667,R,0.25,0.667,111.0,커브,78,129.6,15,F,윤도현 : 좌익수 앞 1루타,8.1
20250921NCHT02025,5,1,0,1,0,2,0,1,1,50992,52667,R,0.25,0.667,114.0,커브,79,127.8,16,H,윤도현 : 좌익수 앞 1루타,8.1
20250921NCHT02025,5,1,1,1,1,0,1,0,1,54904,55636,L,0.0,0.087,148.0,직구,1,148.0,1,B,박재현 : 3루수 파울플라이 아웃,-6.1
20250921NCHT02025,5,1,1,1,1,1,1,0,1,54904,55636,L,0.0,0.087,148.0,직구,2,148.0,2,T,박재현 : 3루수 파울플라이 아웃,-6.1
20250921NCHT02025,5,1,1,1,2,1,1,0,1,54904,55636,L,0.0,0.087,148.0,직구,3,148.0,3,B,박재현 : 3루수 파울플라이 아웃,-6.1
20250921NCHT02025,5,1,1,1,2,1,1,0,1,54904,55636,L,0.0,0.087,133.0,슬라이더,4,144.25,4,H,박재현 : 3루수 파울플라이 아웃,-6.1
20250921NCHT02025,5,1,1,2,1,0,1,0,1,54904,64646,R,0.308,0.333,149.0,직구,5,145.2,5,B,박찬호 : 좌익수 앞 1루타,9.6
20250921NCHT02025,5,1,1,2,1,0,1,0,1,54904,64646,R,0.308,0.333,149.0,직구,6,145.4,6,H,박찬호 : 좌익수 앞 1루타,9.6
20250921NCHT02025,5,1,2,2,1,0,1,1,0,53919,72443,L,0.319,0.333,155.0,직구,1,155.0,1,B,최형우 : 좌익수 플라이 아웃,-3.2
20250921NCHT02025,5,1,2,2,2,0,1,1,0,53919,72443,L,0.319,0.333,133.0,커브,2,144.0,2,B,최형우 : 좌익수 플라이 아웃,-3.2
20250921NCHT02025,5,1,2,2,2,1,1,1,0,53919,72443,L,0.319,0.333,135.0,슬라이더,3,141.0,3,T,최형우 : 좌익수 플라이 아웃,-3.2
20250921NCHT02025,5,1,2,2,2,2,1,1,0,53919,72443,L,0.319,0.333,140.0,슬라이더,4,140.75,4,F,최형우 : 좌익수 플라이 아웃,-3.2
20250921NCHT02025,5,1,2,2,2,2,1,1,0,53919,72443,L,0.319,0.333,155.0,직구,5,143.6,5,F,최형우 : 좌익수 플라이 아웃,-3.2
20250921NCHT02025,5,1,2,2,2,2,1,1,0,53919,72443,L,0.319,0.333,133.0,커브,6,139.2,6,H,최형우 : 좌익수 플라이 아웃,-3.2
20250921NCHT02025,6,0,2,0,1,0,0,0,0,63342,68904,L,0.0,0.5,143.0,투심,1,143.0,1,B,오영수 : 좌중간 1루타,4.2
20250921NCHT02025,6,0,2,0,1,1,0,0,0,63342,68904,L,0.0,0.5,125.0,슬라이더,2,134.0,2,T,오영수 : 좌중간 1루타,4.2
20250921NCHT02025,6,0,2,0,2,1,0,0,0,63342,68904,L,0.0,0.5,129.0,슬라이더,3,132.33,3,B,오영수 : 좌중간 1루타,4.2
20250921NCHT02025,6,0,2,0,2,2,0,0,0,63342,68904,L,0.0,0.5,145.0,투심,4,135.5,4,F,오영수 : 좌중간 1루타,4.2
20250921NCHT02025,6,0,2,0,3,2,0,0,0,63342,68904,L,0.0,0.5,129.0,슬라이더,5,134.2,5,B,오영수 : 좌중간 1루타,4.2
20250921NCHT02025,6,0,2,0,3,2,0,0,0,63342,68904,L,0.0,0.5,144.0,투심,6,134.4,6,F,오영수 : 좌중간 1루타,4.2
20250921NCHT02025,6,0,2,0,3,2,0,0,0,63342,68904,L,0.0,0.5,145.0,투심,7,138.4,7,H,오영수 : 좌중간 1루타,4.2
20250921NCHT02025,6,0,2,0,0,1,1,0,0,63342,63260,R,0.0,0.333,142.0,직구,8,141.0,8,T,이우성 : 우익수 플라이 아웃,-4.5
20250921NCHT02025,6,0,2,0,0,2,1,0,0,63342,63260,R,0.0,0.333,140.0,투심,9,140.0,9,F,이우성 : 우익수 플라이 아웃,-4.5
20250921NCHT02025,6,0,2,0,1,2,1,0,0,63342,63260,R,0.0,0.333,143.0,직구,10,142.8,10,B,이우성 : 우익수 플라이 아웃,-4.5
20250921NCHT02025,6,0,2,0,2,2,1,0,0,63342,63260,R,0.0,0.333,129.0,슬라이더,11,139.8,11,B,이우성 : 우익수 플라이 아웃,-4.5
20250921NCHT02025,6,0,2,0,3,2,1,0,0,63342,63260,R,0.0,0.333,126.0,슬라이더,12,136.0,12,B,이우성 : 우익수 플라이 아웃,-4.5
20250921NCHT02025,6,0,2,0,3,2,1,0,0,63342,63260,R,0.0,0.333,129.0,슬라이더,13,133.4,13,H,이우성 : 우익수 플라이 아웃,-4.5
20250921NCHT02025,6,0,2,1,0,1,1,0,0,63342,51344,R,0.0,0.233,127.0,슬라이더,14,130.8,14,T,김휘집 : 포수 파울플라이 아웃,-3.9
20250921NCHT02025,6,0,2,1,0,1,1,0,0,63342,51344,R,0.0,0.233,142.0,투심,15,130.6,15,H,김휘집 : 포수 파울플라이 아웃,-3.9
20250921NCHT02025,6,0,2,2,1,0,1,0,0,63342,68912,R,0.0,0.231,127.0,슬라이더,16,130.2,16,B,김형준 : 중견수 플라이 아웃,-3.2
20250921NCHT02025,6,0,2,2,2,0,1,0,0,63342,68912,R,0.0,0.231,126.0,슬라이더,17,130.2,17,B,김형준 : 중견수 플라이 아웃,-3.2
20250921NCHT02025,6,0,2,2,2,0,1,0,0,63342,68912,R,0.0,0.231,142.0,직구,18,132.8,18,H,김형준 : 중견수 플라이 아웃,-3.2
20250921NCHT02025,6,1,2,0,0,1,0,0,0,53919,55645,R,0.256,0.235,156.0,직구,7,143.8,1,T,위즈덤 : 투수 땅볼 아웃 (투수->1루수 송구아웃),-1.6
20250921NCHT02025,6,1,2,0,0,2,0,0,0,53919,55645,R,0.256,0.235,143.0,슬라이더,8,145.4,2,T,위즈덤 : 투수 땅볼 아웃 (투수->1루수 송구아웃),-1.6
20250921NCHT02025,6,1,2,0,0,2,0,0,0,53919,55645,R,0.256,0.235,157.0,직구,9,148.8,3,H,위즈덤 : 투수 땅볼 아웃 (투수->1루수 송구아웃),-1.6
20250921NCHT02025,6,1,2,1,1,0,0,0,0,53919,69636,L,0.182,0.333,138.0,슬라이더,10,145.4,4,B,오선우 : 1루수 땅볼 아웃 (1루수 1루 터치아웃),-1.2
20250921NCHT02025,6,1,2,1,1,0,0,0,0,53919,69636,L,0.182,0.333,154.0,직구,11,149.6,5,H,오선우 : 1루수 땅볼 아웃 (1루수 1루 터치아웃),-1.2
20250921NCHT02025,6,1,2,2,0,1,0,0,0,53919,65653,R,0.188,0.277,139.0,슬라이더,12,146.2,6,T,김호령 : 삼진 아웃,-0.9
20250921NCHT02025,6,1,2,2,0,2,0,0,0,53919,65653,R,0.188,0.277,142.0,슬라이더,13,146.0,7,S,김호령 : 삼진 아웃,-0.9
20250921NCHT02025,6,1,2,2,0,3,0,0,0,53919,65653,R,0.188,0.277,142.0,슬라이더,14,143.0,8,S,김호령 : 삼진 아웃,-0.9
20250921NCHT02025,7,0,2,0,0,1,0,0,0,52639,50902,R,0.0,0.311,145.0,직구,1,145.0,1,T,김한별 : 2루수 땅볼 아웃 (2루수->1루수 송구아웃),-4.0
20250921NCHT02025,7,0,2,0,0,1,0,0,0,52639,50902,R,0.0,0.311,145.0,직구,2,145.0,2,H,김한별 : 2루수 땅볼 아웃 (2루수->1루수 송구아웃),-4.0
20250921NCHT02025,7,0,2,1,1,0,0,0,0,52639,67905,R,0.0,0.225,135.0,체인지업,3,141.67,3,B,천재환 : 볼넷,3.8
20250921NCHT02025,7,0,2,1,2,0,0,0,0,52639,67905,R,0.0,0.225,147.0,직구,4,143.0,4,B,천재환 : 볼넷,3.8
20250921NCHT02025,7,0,2,1,3,0,0,0,0,52639,67905,R,0.0,0.225,146.0,직구,5,143.6,5,B,천재환 : 볼넷,3.8
20250921NCHT02025,7,0,2,1,4,0,0,0,0,52639,67905,R,0.0,0.225,145.0,직구,6,143.6,6,B,천재환 : 볼넷,3.8
20250921NCHT02025,7,0,2,1,1,0,1,0,0,52639,50600,L,0.0,0.169,145.0,직구,7,143.6,7,B,홍종표 : 투수 땅볼 아웃 (투수->1루수 송구아웃),-3.6
20250921NCHT02025,7,0,2,1,1,0,1,0,0,52639,50600,L,0.0,0.169,146.0,직구,8,145.8,8,H,홍종표 : 투수 땅볼 아웃 (투수->1루수 송구아웃),-3.6
20250921NCHT02025,7,0,2,2,1,0,0,1,0,52639,79215,R,0.0,0.333,132.0,체인지업,9,142.8,9,B,박건우 : 볼넷,2.1
20250921NCHT02025,7,0,2,2,2,0,0,1,0,52639,79215,R,0.0,0.333,134.0,체인지업,10,140.4,10,B,박건우 : 볼넷,2.1
20250921NCHT02025,7,0,2,2,3,0,0,1,0,52639,79215,R,0.0,0.333,146.0,직구,11,140.6,11,B,박건우 : 볼넷,2.1
20250921NCHT02025,7,0,2,2,3,1,0,1,0,52639,79215,R,0.0,0.333,145.0,직구,12,140.6,12,T,박건우 : 볼넷,2.1
20250921NCHT02025,7,0,2,2,3,2,0,1,0,52639,79215,R,0.0,0.333,146.0,직구,13,140.6,13,F,박건우 : 볼넷,2.1
20250921NCHT02025,7,0,2,2,4,2,0,1,0,52639,79215,R,0.0,0.333,146.0,직구,14,143.4,14,B,박건우 : 볼넷,2.1
20250921NCHT02025,7,0,2,2,1,0,1,1,0,66609,54944,R,0.0,0.276,136.0,슬라이더,1,136.0,1,B,데이비슨 : 볼넷,5.1
20250921NCHT02025,7,0,2,2,2,0,1,1,0,66609,54944,R,0.0,0.276,134.0,슬라이더,2,135.0,2,B,데이비슨 : 볼넷,5.1
20250921NCHT02025,7,0,2,2,3,0,1,1,0,66609,54944,R,0.0,0.276,134.0,슬라이더,3,134.67,3,B,데이비슨 : 볼넷,5.1
20250921NCHT02025,7,0,2,2,3,1,1,1,0,66609,54944,R,0.0,0.276,135.0,슬라이더,4,134.75,4,T,데이비슨 : 볼넷,5.1
20250921NCHT02025,7,0,2,2,3,2,1,1,0,66609,54944,R,0.0,0.276,134.0,슬라이더,5,134.6,5,T,데이비슨 : 볼넷,5.1
20250921NCHT02025,7,0,2,2,4,2,1,1,0,66609,54944,R,0.0,0.276,135.0,슬라이더,6,134.4,6,B,데이비슨 : 볼넷,5.1
20250921NCHT02025,7,0,2,2,0,0,1,1,1,66609,68904,L,0.0,0.667,141.0,직구,7,135.8,7,H,오영수 : 좌익수 뒤 2루타,40.7
20250921NCHT02025,7,0,-1,2,1,0,0,1,0,66609,63260,R,0.0,0.25,125.0,커브,8,134.0,8,B,이우성 : 삼진 아웃,-4.3
20250921NCHT02025,7,0,-1,2,1,1,0,1,0,66609,63260,R,0.0,0.25,125.0,커브,9,132.0,9,T,이우성 : 삼진 아웃,-4.3
20250921NCHT02025,7,0,-1,2,2,1,0,1,0,66609,63260,R,0.0,0.25,127.0,커브,10,130.6,10,B,이우성 : 삼진 아웃,-4.3
20250921NCHT02025,7,0,-1,2,2,2,0,1,0,66609,63260,R,0.0,0.25,136.0,슬라이더,11,130.8,11,S,이우성 : 삼진 아웃,-4.3
20250921NCHT02025,7,0,-1,2,2,3,0,1,0,66609,63260,R,0.0,0.25,136.0,슬라이더,12,129.8,12,S,이우성 : 삼진 아웃,-4.3
20250921NCHT02025,7,1,-1,0,1,0,0,0,0,53919,68646,L,0.278,0.5,137.0,슬라이더,15,142.8,1,B,한준수 : 삼진 아웃,-5.2
20250921NCHT02025,7,1,-1,0,2,0,0,0,0,53919,68646,L,0.278,0.5,153.0,직구,16,142.6,2,B,한준수 : 삼진 아웃,-5.2
20250921NCHT02025,7,1,-1,0,2,1,0,0,0,53919,68646,L,0.278,0.5,152.0,직구,17,145.2,3,T,한준수 : 삼진 아웃,-5.2
20250921NCHT02025,7,1,-1,0,2,2,0,0,0,53919,68646,L,0.278,0.5,154.0,직구,18,147.6,4,F,한준수 : 삼진 아웃,-5.2
20250921NCHT02025,7,1,-1,0,2,3,0,0,0,53919,68646,L,0.278,0.5,155.0,직구,19,150.2,5,T,한준수 : 삼진 아웃,-5.2
20250921NCHT02025,7,1,-1,1,1,0,0,0,0,53919,50657,R,0.0,0.217,134.0,슬라이더,20,149.6,6,B,박민 : 볼넷,5.0
20250921NCHT02025,7,1,-1,1,2,0,0,0,0,53919,50657,R,0.0,0.217,134.0,슬라이더,21,145.8,7,B,박민 : 볼넷,5.0
20250921NCHT02025,7,1,-1,1,3,0,0,0,0,53919,50657,R,0.0,0.217,138.0,슬라이더,22,143.0,8,B,박민 : 볼넷,5.0
20250921NCHT02025,7,1,-1,1,4,0,0,0,0,53919,50657,R,0.0,0.217,153.0,직구,23,142.8,9,B,박민 : 볼넷,5.0
20250921NCHT02025,7,1,-1,1,1,0,1,0,0,53919,52667,R,0.25,0.5,154.0,직구,24,142.6,10,B,윤도현 : 삼진 아웃,-6.2
20250921NCHT02025,7,1,-1,1,1,1,1,0,0,53919,52667,R,0.25,0.5,137.0,슬라이더,25,143.2,11,T,윤도현 : 삼진 아웃,-6.2
20250921NCHT02025,7,1,-1,1,1,2,1,0,0,53919,52667,R,0.25,0.5,139.0,슬라이더,26,144.2,12,F,윤도현 : 삼진 아웃,-6.2
20250921NCHT02025,7,1,-1,1,1,2,1,0,0,53919,52667,R,0.25,0.5,141.0,슬라이더,27,144.8,13,F,윤도현 : 삼진 아웃,-6.2
20250921NCHT02025,7,1,-1,1,2,2,1,0,0,53919,52667,R,0.25,0.5,153.0,직구,28,144.8,14,B,윤도현 : 삼진 아웃,-6.2
20250921NCHT02025,7,1,-1,1,2,2,1,0,0,53919,52667,R,0.25,0.5,137.0,슬라이더,29,141.4,15,F,윤도현 : 삼진 아웃,-6.2
20250921NCHT02025,7,1,-1,1,2,3,1,0,0,53919,52667,R,0.25,0.5,129.0,커브,30,139.8,16,S,윤도현 : 삼진 아웃,-6.2
20250921NCHT02025,7,1,-1,2,0,1,1,0,0,53919,62947,L,0.269,1.0,156.0,직구,31,143.2,17,F,나성범 : 투수 맞고 2루수 내야안타,4.0
20250921NCHT02025,7,1,-1,2,1,1,1,0,0,53919,62947,L,0.269,1.0,132.0,커브,32,141.4,18,B,나성범 : 투수 맞고 2루수 내야안타,4.0
20250921NCHT02025,7,1,-1,2,1,2,1,0,0,53919,62947,L,0.269,1.0,139.0,슬라이더,33,138.6,19,F,나성범 : 투수 맞고 2루수 내야안타,4.0
20250921NCHT02025,7,1,-1,2,1,2,1,0,0,53919,62947,L,0.269,1.0,154.0,직구,34,142.0,20,H,나성범 : 투수 맞고 2루수 내야안타,4.0
20250921NCHT02025,7,1,-1,2,0,1,1,1,0,53919,64646,R,0.308,0.25,139.0,슬라이더,35,144.0,21,T,박찬호 : 1루수 땅볼 아웃 (1루수 1루 터치아웃),-9.3
20250921NCHT02025,7,1,-1,2,0,2,1,1,0,53919,64646,R,0.308,0.25,143.0,슬라이더,36,141.4,22,S,박찬호 : 1루수 땅볼 아웃 (1루수 1루 터치아웃),-9.3
20250921NCHT02025,7,1,-1,2,0,2,1,1,0,53919,64646,R,0.308,0.25,135.0,커브,37,142.0,23,H,박찬호 : 1루수 땅볼 아웃 (1루수 1루 터치아웃),-9.3
20250921NCHT02025,8,0,-1,0,0,1,0,0,0,76225,51344,R,0.0,0.233,146.0,직구,1,146.0,1,T,김휘집 : 볼넷,3.3
20250921NCHT02025,8,0,-1,0,0,2,0,0,0,76225,51344,R,0.0,0.233,118.0,커브,2,132.0,2,F,김휘집 : 볼넷,3.3
20250921NCHT02025,8,0,-1,0,1,2,0,0,0,76225,51344,R,0.0,0.233,120.0,커브,3,128.0,3,B,김휘집 : 볼넷,3.3
20250921NCHT02025,8,0,-1,0,2,2,0,0,0,76225,51344,R,0.0,0.233,139.0,커터,4,130.75,4,B,김휘집 : 볼넷,3.3
20250921NCHT02025,8,0,-1,0,3,2,0,0,0,76225,51344,R,0.0,0.233,137.0,커터,5,132.0,5,B,김휘집 : 볼넷,3.3
20250921NCHT02025,8,0,-1,0,3,2,0,0,0,76225,51344,R,0.0,0.233,146.0,직구,6,132.0,6,F,김휘집 : 볼넷,3.3
20250921NCHT02025,8,0,-1,0,4,2,0,0,0,76225,51344,R,0.0,0.233,139.0,커터,7,136.2,7,B,김휘집 : 볼넷,3.3
20250921NCHT02025,8,0,-1,0,0,1,1,0,0,76225,68912,R,0.0,0.231,118.0,커브,8,135.8,8,S,김형준 : 볼넷,5.1
20250921NCHT02025,8,0,-1,0,1,1,1,0,0,76225,68912,R,0.0,0.231,119.0,커브,9,131.8,9,B,김형준 : 볼넷,5.1
20250921NCHT02025,8,0,-1,0,2,1,1,0,0,76225,68912,R,0.0,0.231,118.0,커브,10,128.0,10,B,김형준 : 볼넷,5.1
20250921NCHT02025,8,0,-1,0,3,1,1,0,0,76225,68912,R,0.0,0.231,146.0,직구,11,128.0,11,B,김형준 : 볼넷,5.1
20250921NCHT02025,8,0,-1,0,3,2,1,0,0,76225,68912,R,0.0,0.231,138.0,커터,12,127.8,12,T,김형준 : 볼넷,5.1
20250921NCHT02025,8,0,-1,0,4,2,1,0,0,76225,68912,R,0.0,0.231,138.0,커터,13,131.8,13,B,김형준 : 볼넷,5.1
20250921NCHT02025,8,0,-1,0,1,0,1,1,0,65665,51907,S,0.0,0.296,129.0,슬라이더,1,129.0,1,B,김주원 : 몸에 맞는 볼,6.2
20250921NCHT02025,8,0,-1,0,2,0,1,1,0,65665,51907,S,0.0,0.296,131.0,슬라이더,2,130.0,2,B,김주원 : 몸에 맞는 볼,6.2
20250921NCHT02025,8,0,-1,0,1,0,1,1,1,65665,67905,R,0.0,0.224,143.0,직구,3,134.33,3,B,천재환 : 삼진 아웃,-5.7
20250921NCHT02025,8,0,-1,0,1,1,1,1,1,65665,67905,R,0.0,0.224,133.0,슬라이더,4,134.0,4,S,천재환 : 삼진 아웃,-5.7
20250921NCHT02025,8,0,-1,0,2,1,1,1,1,65665,67905,R,0.0,0.224,131.0,슬라이더,5,133.4,5,B,천재환 : 삼진 아웃,-5.7
20250921NCHT02025,8,0,-1,0,2,2,1,1,1,65665,67905,R,0.0,0.224,131.0,슬라이더,6,133.8,6,S,천재환 : 삼진 아웃,-5.7
20250921NCHT02025,8,0,-1,0,2,3,1,1,1,65665,67905,R,0.0,0.224,132.0,슬라이더,7,134.0,7,S,천재환 : 삼진 아웃,-5.7
20250921NCHT02025,8,0,-1,1,0,0,1,1,1,65665,50600,L,0.0,0.167,132.0,슬라이더,8,131.8,8,H,홍종표 : 2루수 땅볼 아웃 (2루수->1루수 송구아웃),3.1
20250921NCHT02025,8,0,-2,2,1,0,0,1,1,65665,63963,R,0.0,0.24,134.0,슬라이더,9,132.0,9,B,권희동 : 볼넷,0.9
20250921NCHT02025,8,0,-2,2,1,1,0,1,1,65665,63963,R,0.0,0.24,131.0,슬라이더,10,132.0,10,T,권희동 : 볼넷,0.9
20250921NCHT02025,8,0,-2,2,2,1,0,1,1,65665,63963,R,0.0,0.24,130.0,슬라이더,11,131.8,11,B,권희동 : 볼넷,0.9
20250921NCHT02025,8,0,-2,2,3,1,0,1,1,65665,63963,R,0.0,0.24,132.0,슬라이더,12,131.8,12,B,권희동 : 볼넷,0.9
20250921NCHT02025,8,0,-2,2,4,1,0,1,1,65665,63963,R,0.0,0.24,132.0,슬라이더,13,131.8,13,B,권희동 : 볼넷,0.9
20250921NCHT02025,8,0,-2,2,1,0,1,1,1,51994,54944,R,0.0,0.276,146.0,직구,1,146.0,1,B,데이비슨 : 볼넷,6.6
20250921NCHT02025,8,0,-2,2,2,0,1,1,1,51994,54944,R,0.0,0.276,147.0,직구,2,146.5,2,B,데이비슨 : 볼넷,6.6
20250921NCHT02025,8,0,-2,2,3,0,1,1,1,51994,54944,R,0.0,0.276,148.0,직구,3,147.0,3,B,데이비슨 : 볼넷,6.6
20250921NCHT02025,8,0,-2,2,4,0,1,1,1,51994,54944,R,0.0,0.276,149.0,직구,4,147.5,4,B,데이비슨 : 볼넷,6.6
20250921NCHT02025,8,0,-3,2,0,1,1,1,1,69516,68904,L,0.0,0.5,127.0,체인지업,1,127.0,1,T,오영수 : 2루수 땅볼 아웃 (2루수->1루수 송구아웃),-2.6
20250921NCHT02025,8,0,-3,2,1,1,1,1,1,69516,68904,L,0.0,0.5,131.0,체인지업,2,129.0,2,B,오영수 : 2루수 땅볼 아웃 (2루수->1루수 송구아웃),-2.6
20250921NCHT02025,8,0,-3,2,2,1,1,1,1,69516,68904,L,0.0,0.5,128.0,체인지업,3,128.67,3,B,오영수 : 2루수 땅볼 아웃 (2루수->1루수 송구아웃),-2.6
20250921NCHT02025,8,0,-3,2,2,2,1,1,1,69516,68904,L,0.0,0.5,134.0,슬라이더,4,130.0,4,T,오영수 : 2루수 땅볼 아웃 (2루수->1루수 송구아웃),-2.6
20250921NCHT02025,8,0,-3,2,2,2,1,1,1,69516,68904,L,0.0,0.5,134.0,슬라이더,5,130.8,5,H,오영수 : 2루수 땅볼 아웃 (2루수->1루수 송구아웃),-2.6
20250921NCHT02025,8,1,-3,0,0,1,0,0,0,68900,72443,L,0.319,0.25,144.0,직구,1,144.0,1,T,최형우 : 좌익수 플라이 아웃,-3.6
20250921NCHT02025,8,1,-3,0,1,1,0,0,0,68900,72443,L,0.319,0.25,129.0,포크,2,136.5,2,B,최형우 : 좌익수 플라이 아웃,-3.6
20250921NCHT02025,8,1,-3,0,2,1,0,0,0,68900,72443,L,0.319,0.25,130.0,포크,3,134.33,3,B,최형우 : 좌익수 플라이 아웃,-3.6
20250921NCHT02025,8,1,-3,0,2,1,0,0,0,68900,72443,L,0.319,0.25,134.0,슬라이더,4,134.25,4,H,최형우 : 좌익수 플라이 아웃,-3.6
20250921NCHT02025,8,1,-3,1,1,0,0,0,0,68900,55645,R,0.256,0.234,145.0,직구,5,136.4,5,B,위즈덤 : 1루수 플라이 아웃,-1.9
20250921NCHT02025,8,1,-3,1,1,1,0,0,0,68900,55645,R,0.256,0.234,144.0,직구,6,136.4,6,T,위즈덤 : 1루수 플라이 아웃,-1.9
20250921NCHT02025,8,1,-3,1,2,1,0,0,0,68900,55645,R,0.256,0.234,133.0,포크,7,137.2,7,B,위즈덤 : 1루수 플라이 아웃,-1.9
20250921NCHT02025,8,1,-3,1,2,1,0,0,0,68900,55645,R,0.256,0.234,145.0,직구,8,140.2,8,H,위즈덤 : 1루수 플라이 아웃,-1.9
20250921NCHT02025,8,1,-3,2,0,1,0,0,0,68900,53659,R,0.0,1.0,132.0,슬라이더,9,139.8,9,F,정해원 : 중견수 왼쪽 1루타,1.4
20250921NCHT02025,8,1,-3,2,1,1,0,0,0,68900,53659,R,0.0,1.0,132.0,포크,10,137.2,10,B,정해원 : 중견수 왼쪽 1루타,1.4
20250921NCHT02025,8,1,-3,2,1,2,0,0,0,68900,53659,R,0.0,1.0,134.0,슬라이더,11,135.2,11,T,정해원 : 중견수 왼쪽 1루타,1.4
20250921NCHT02025,8,1,-3,2,1,2,0,0,0,68900,53659,R,0.0,1.0,134.0,포크,12,135.4,12,H,정해원 : 중견수 왼쪽 1루타,1.4
20250921NCHT02025,8,1,-3,2,0,1,1,0,0,68900,65653,R,0.188,0.333,145.0,직구,13,135.4,13,T,김호령 : 우익수 오른쪽 2루타,7.6
20250921NCHT02025,8,1,-3,2,1,1,1,0,0,68900,65653,R,0.188,0.333,147.0,직구,14,138.4,14,B,김호령 : 우익수 오른쪽 2루타,7.6
20250921NCHT02025,8,1,-3,2,1,2,1,0,0,68900,65653,R,0.188,0.333,147.0,직구,15,141.4,15,F,김호령 : 우익수 오른쪽 2루타,7.6
20250921NCHT02025,8,1,-3,2,2,2,1,0,0,68900,65653,R,0.188,0.333,146.0,직구,16,143.8,16,B,김호령 : 우익수 오른쪽 2루타,7.6
20250921NCHT02025,8,1,-3,2,3,2,1,0,0,68900,65653,R,0.188,0.333,133.0,포크,17,143.6,17,B,김호령 : 우익수 오른쪽 2루타,7.6
20250921NCHT02025,8,1,-3,2,3,2,1,0,0,68900,65653,R,0.188,0.333,146.0,직구,18,143.8,18,H,김호령 : 우익수 오른쪽 2루타,7.6
20250921NCHT02025,8,1,-2,2,0,1,0,1,0,68900,78122,R,0.4,0.26,135.0,슬라이더,19,141.4,19,T,김태군 : 유격수 땅볼 아웃 (유격수->1루수 송구아웃),-5.4
20250921NCHT02025,8,1,-2,2,1,1,0,1,0,68900,78122,R,0.4,0.26,130.0,포크,20,138.0,20,B,김태군 : 유격수 땅볼 아웃 (유격수->1루수 송구아웃),-5.4
20250921NCHT02025,8,1,-2,2,1,1,0,1,0,68900,78122,R,0.4,0.26,135.0,포크,21,135.8,21,H,김태군 : 유격수 땅볼 아웃 (유격수->1루수 송구아웃),-5.4
20250921NCHT02025,9,0,-2,0,1,0,0,0,0,68928,63260,R,0.0,0.4,141.0,직구,1,141.0,1,B,이우성 : 중견수 앞 1루타,1.2
20250921NCHT02025,9,0,-2,0,2,0,0,0,0,68928,63260,R,0.0,0.4,144.0,직구,2,142.5,2,B,이우성 : 중견수 앞 1루타,1.2
20250921NCHT02025,9,0,-2,0,2,1,0,0,0,68928,63260,R,0.0,0.4,144.0,직구,3,143.0,3,T,이우성 : 중견수 앞 1루타,1.2
20250921NCHT02025,9,0,-2,0,2,1,0,0,0,68928,63260,R,0.0,0.4,141.0,직구,4,142.5,4,H,이우성 : 중견수 앞 1루타,1.2
20250921NCHT02025,9,0,-2,0,1,0,1,0,0,68928,51344,R,0.0,0.5,112.0,커브,5,136.4,5,B,김휘집 : 좌익수 앞 1루타,4.7
20250921NCHT02025,9,0,-2,0,2,0,1,0,0,68928,51344,R,0.0,0.5,139.0,직구,6,136.0,6,B,김휘집 : 좌익수 앞 1루타,4.7
20250921NCHT02025,9,0,-2,0,2,1,1,0,0,68928,51344,R,0.0,0.5,129.0,포크,7,133.0,7,T,김휘집 : 좌익수 앞 1루타,4.7
20250921NCHT02025,9,0,-2,0,2,1,1,0,0,68928,51344,R,0.0,0.5,129.0,포크,8,130.0,8,H,김휘집 : 좌익수 앞 1루타,4.7
20250921NCHT02025,9,0,-3,0,1,0,0,1,0,68928,68912,R,0.0,0.231,114.0,커브,9,124.6,9,B,김형준 : 삼진 아웃,-0.4
20250921NCHT02025,9,0,-3,0,1,1,0,1,0,68928,68912,R,0.0,0.231,127.0,포크,10,127.6,10,F,김형준 : 삼진 아웃,-0.4
20250921NCHT02025,9,0,-3,0,1,2,0,1,0,68928,68912,R,0.0,0.231,141.0,직구,11,128.0,11,T,김형준 : 삼진 아웃,-0.4
20250921NCHT02025,9,0,-3,0,2,2,0,1,0,68928,68912,R,0.0,0.231,141.0,직구,12,130.4,12,B,김형준 : 삼진 아웃,-0.4
20250921NCHT02025,9,0,-3,1,2,2,0,0,0,68928,68912,R,0.0,0.231,135.0,포크,13,131.6,13,F,김형준 : 삼진 아웃,-0.4
20250921NCHT02025,9,0,-3,1,2,2,0,0,0,68928,68912,R,0.0,0.231,118.0,커브,14,132.4,14,F,김형준 : 삼진 아웃,-0.4
20250921NCHT02025,9,0,-3,1,3,2,0,0,0,68928,68912,R,0.0,0.231,133.0,포크,15,133.6,15,B,김형준 : 삼진 아웃,-0.4
20250921NCHT02025,9,0,-3,1,3,2,0,0,0,68928,68912,R,0.0,0.231,141.0,직구,16,133.6,16,F,김형준 : 삼진 아웃,-0.4
20250921NCHT02025,9,0,-3,1,3,2,0,0,0,68928,68912,R,0.0,0.231,143.0,직구,17,134.0,17,F,김형준 : 삼진 아웃,-0.4
20250921NCHT02025,9,0,-3,1,3,3,0,0,0,68928,68912,R,0.0,0.231,131.0,포크,18,133.2,18,T,김형준 : 삼진 아웃,-0.4
20250921NCHT02025,9,0,-3,2,1,0,0,0,0,68928,66965,L,0.0,0.197,115.0,커브,19,132.6,19,B,도태훈 : 중견수 플라이 아웃,-0.3
20250921NCHT02025,9,0,-3,2,1,0,0,0,0,68928,66965,L,0.0,0.197,141.0,직구,20,134.2,20,H,도태훈 : 중견수 플라이 아웃,-0.3
20250921NCHT02025,9,1,-3,0,1,0,0,0,0,67954,78603,R,0.394,0.316,146.0,직구,1,146.0,1,B,김선빈 : 볼넷,3.8
20250921NCHT02025,9,1,-3,0,1,1,0,0,0,67954,78603,R,0.394,0.316,146.0,직구,2,146.0,2,T,김선빈 : 볼넷,3.8
20250921NCHT02025,9,1,-3,0,1,2,0,0,0,67954,78603,R,0.394,0.316,148.0,직구,3,146.67,3,F,김선빈 : 볼넷,3.8
20250921NCHT02025,9,1,-3,0,2,2,0,0,0,67954,78603,R,0.394,0.316,149.0,직구,4,147.25,4,B,김선빈 : 볼넷,3.8
20250921NCHT02025,9,1,-3,0,3,2,0,0,0,67954,78603,R,0.394,0.316,147.0,직구,5,147.2,5,B,김선빈 : 볼넷,3.8
20250921NCHT02025,9,1,-3,0,3,2,0,0,0,67954,78603,R,0.394,0.316,149.0,직구,6,147.8,6,F,김선빈 : 볼넷,3.8
20250921NCHT02025,9,1,-3,0,4,2,0,0,0,67954,78603,R,0.394,0.316,147.0,직구,7,148.0,7,B,김선빈 : 볼넷,3.8
20250921NCHT02025,9,1,-3,0,1,0,1,0,0,67954,52667,R,0.25,0.4,126.0,체인지업,8,143.6,8,B,윤도현 : 중견수 플라이 아웃,-4.3
20250921NCHT02025,9,1,-3,0,1,1,1,0,0,67954,52667,R,0.25,0.4,146.0,직구,9,143.0,9,T,윤도현 : 중견수 플라이 아웃,-4.3
20250921NCHT02025,9,1,-3,0,1,2,1,0,0,67954,52667,R,0.25,0.4,148.0,직구,10,143.2,10,T,윤도현 : 중견수 플라이 아웃,-4.3
20250921NCHT02025,9,1,-3,0,2,2,1,0,0,67954,52667,R,0.25,0.4,126.0,체인지업,11,138.6,11,B,윤도현 : 중견수 플라이 아웃,-4.3
20250921NCHT02025,9,1,-3,0,2,2,1,0,0,67954,52667,R,0.25,0.4,147.0,직구,12,138.6,12,F,윤도현 : 중견수 플라이 아웃,-4.3
20250921NCHT02025,9,1,-3,0,2,2,1,0,0,67954,52667,R,0.25,0.4,128.0,체인지업,13,139.0,13,F,윤도현 : 중견수 플라이 아웃,-4.3
20250921NCHT02025,9,1,-3,0,2,2,1,0,0,67954,52667,R,0.25,0.4,128.0,체인지업,14,135.4,14,F,윤도현 : 중견수 플라이 아웃,-4.3
20250921NCHT02025,9,1,-3,0,3,2,1,0,0,67954,52667,R,0.25,0.4,130.0,슬라이더,15,131.8,15,B,윤도현 : 중견수 플라이 아웃,-4.3
20250921NCHT02025,9,1,-3,0,3,2,1,0,0,67954,52667,R,0.25,0.4,147.0,직구,16,136.0,16,H,윤도현 : 중견수 플라이 아웃,-4.3
20250921NCHT02025,9,1,-3,1,0,1,1,0,0,67954,55637,L,0.0,0.0,148.0,직구,17,136.2,17,S,박헌 : 중견수 플라이 아웃,-3.2
20250921NCHT02025,9,1,-3,1,1,1,1,0,0,67954,55637,L,0.0,0.0,128.0,체인지업,18,136.2,18,B,박헌 : 중견수 플라이 아웃,-3.2
20250921NCHT02025,9,1,-3,1,1,1,1,0,0,67954,55637,L,0.0,0.0,145.0,직구,19,139.6,19,H,박헌 : 중견수 플라이 아웃,-3.2
20250921NCHT02025,9,1,-3,2,1,0,1,0,0,67954,64646,R,0.308,0.4,148.0,직구,20,143.2,20,B,박찬호 : 3루수 앞 내야안타,2.7
20250921NCHT02025,9,1,-3,2,2,0,1,0,0,67954,64646,R,0.308,0.4,125.0,체인지업,21,138.8,21,B,박찬호 : 3루수 앞 내야안타,2.7
20250921NCHT02025,9,1,-3,2,2,1,1,0,0,67954,64646,R,0.308,0.4,147.0,직구,22,138.6,22,T,박찬호 : 3루수 앞 내야안타,2.7
20250921NCHT02025,9,1,-3,2,2,1,1,0,0,67954,64646,R,0.308,0.4,148.0,직구,23,142.6,23,H,박찬호 : 3루수 앞 내야안타,2.7
20250921NCHT02025,9,1,-3,2,1,0,1,1,0,67954,72443,L,0.319,0.25,147.0,직구,24,143.0,24,B,최형우 : 볼넷,5.3
20250921NCHT02025,9,1,-3,2,1,1,1,1,0,67954,72443,L,0.319,0.25,144.0,직구,25,142.2,25,F,최형우 : 볼넷,5.3
20250921NCHT02025,9,1,-3,2,2,1,1,1,0,67954,72443,L,0.319,0.25,131.0,체인지업,26,143.4,26,B,최형우 : 볼넷,5.3
20250921NCHT02025,9,1,-3,2,3,1,1,1,0,67954,72443,L,0.319,0.25,147.0,직구,27,143.4,27,B,최형우 : 볼넷,5.3
20250921NCHT02025,9,1,-3,2,3,2,1,1,0,67954,72443,L,0.319,0.25,129.0,체인지업,28,139.6,28,F,최형우 : 볼넷,5.3
20250921NCHT02025,9,1,-3,2,4,2,1,1,0,67954,72443,L,0.319,0.25,148.0,직구,29,139.8,29,B,최형우 : 볼넷,5.3
20250921NCHT02025,9,1,-3,2,0,1,1,1,1,67954,55645,R,0.256,0.2,130.0,체인지업,30,137.0,30,T,위즈덤 : 우익수 앞 1루타,11.5
20250921NCHT02025,9,1,-3,2,1,1,1,1,1,67954,55645,R,0.256,0.2,146.0,직구,31,140.0,31,B,위즈덤 : 우익수 앞 1루타,11.5
20250921NCHT02025,9,1,-3,2,1,1,1,1,1,67954,55645,R,0.256,0.2,131.0,체인지업,32,136.8,32,H,위즈덤 : 우익수 앞 1루타,11.5
20250921NCHT02025,9,1,-1,2,0,0,1,0,1,69969,53659,R,0.0,0.5,148.0,투심,1,148.0,1,H,정해원 : 3루수 앞 땅볼로 출루,-21.2
